M_Kibibytes,Lanes,Batch_Size,TE_Threads_Per_Block,TE_Blocks,TE_Total_Threads,Time_Cost,Mean_CT,Mean_Deviation_CT,Mean_HT,Mean_Deviation_HT,TE_Upper_Thread_Limit
10240,1,1,32,1,32,1,8.849660 ms,285.768000 us,8.849660 ms,285.768000 us,70656
10240,1,11,32,11,352,1,9.233840 ms,343.804000 us,839.439000 us,31.254000 us,70656
10240,1,21,32,21,672,1,9.580820 ms,218.376000 us,456.229000 us,10.398000 us,70656
10240,1,31,32,31,992,1,9.765750 ms,278.400000 us,315.023000 us,8.980000 us,70656
10240,1,41,32,41,1312,1,8.901200 ms,242.100000 us,217.102000 us,5.904000 us,70656
10240,1,51,32,51,1632,1,9.200600 ms,352.560000 us,180.403000 us,6.912000 us,70656
10240,1,61,32,61,1952,1,9.164190 ms,197.682000 us,150.232000 us,3.240000 us,70656
10240,1,71,32,71,2272,1,9.789320 ms,161.236000 us,137.877000 us,2.270000 us,70656
10240,1,81,32,81,2592,1,10.100860 ms,1.037776 ms,124.701000 us,12.811000 us,70656
10240,1,91,32,91,2912,1,9.670290 ms,242.824000 us,106.266000 us,2.668000 us,70656
10240,1,101,32,101,3232,1,9.595670 ms,192.032000 us,95.006000 us,1.900000 us,70656
10240,1,111,32,111,3552,1,9.775750 ms,233.170000 us,88.069000 us,2.100000 us,70656
10240,1,121,32,121,3872,1,9.891240 ms,276.488000 us,81.745000 us,2.285000 us,70656
10240,1,131,32,131,4192,1,9.914250 ms,300.180000 us,75.680000 us,2.290000 us,70656
10240,1,141,32,141,4512,1,9.974090 ms,193.542000 us,70.737000 us,1.371000 us,70656
10240,1,151,32,151,4832,1,10.108160 ms,254.656000 us,66.941000 us,1.686000 us,70656
10240,1,161,32,161,5152,1,10.154510 ms,175.878000 us,63.071000 us,1.092000 us,70656
10240,1,171,32,171,5472,1,10.347500 ms,262.880000 us,60.511000 us,1.537000 us,70656
10240,1,181,32,181,5792,1,10.598940 ms,455.904000 us,58.557000 us,2.518000 us,70656
10240,1,191,32,191,6112,1,11.241920 ms,281.068000 us,58.857000 us,1.471000 us,70656
10240,1,201,32,201,6432,1,11.278470 ms,243.226000 us,56.111000 us,1.209000 us,70656
10240,1,211,32,211,6752,1,11.485940 ms,319.524000 us,54.435000 us,1.514000 us,70656
10240,1,221,32,221,7072,1,11.693780 ms,408.524000 us,52.912000 us,1.848000 us,70656
10240,1,231,32,231,7392,1,11.920070 ms,413.426000 us,51.601000 us,1.789000 us,70656
10240,1,241,32,241,7712,1,12.096940 ms,252.084000 us,50.194000 us,1.045000 us,70656
10240,1,251,32,251,8032,1,12.286040 ms,308.844000 us,48.947000 us,1.230000 us,70656
10240,1,261,32,261,8352,1,12.442480 ms,206.724000 us,47.671000 us,,70656
10240,1,271,32,271,8672,1,12.844370 ms,311.284000 us,47.395000 us,1.148000 us,70656
10240,1,281,32,281,8992,1,13.020760 ms,256.524000 us,46.336000 us,,70656
10240,1,291,32,291,9312,1,13.354510 ms,374.274000 us,45.891000 us,1.286000 us,70656
10240,1,301,32,301,9632,1,13.433940 ms,197.756000 us,44.630000 us,,70656
10240,1,311,32,311,9952,1,13.711650 ms,178.690000 us,44.088000 us,,70656
10240,1,321,32,321,10272,1,14.620930 ms,432.482000 us,45.547000 us,1.346000 us,70656
10240,1,331,32,331,10592,1,14.781700 ms,491.640000 us,44.657000 us,1.485000 us,70656
10240,1,341,32,341,10912,1,15.171710 ms,375.618000 us,44.491000 us,1.101000 us,70656
10240,1,351,32,351,11232,1,15.362340 ms,197.472000 us,43.766000 us,,70656
10240,1,361,32,361,11552,1,15.789340 ms,188.832000 us,43.737000 us,,70656
10240,1,371,32,371,11872,1,16.749020 ms,184.472000 us,45.145000 us,,70656
10240,1,381,32,381,12192,1,17.211310 ms,319.016000 us,45.173000 us,,70656
10240,1,391,32,391,12512,1,17.464120 ms,205.036000 us,44.664000 us,,70656
10240,1,401,32,401,12832,1,17.972970 ms,256.906000 us,44.820000 us,,70656
10240,1,411,32,411,13152,1,18.463610 ms,517.918000 us,44.923000 us,1.260000 us,70656
10240,1,421,32,421,13472,1,18.835240 ms,247.524000 us,44.738000 us,,70656
10240,1,431,32,431,13792,1,19.282270 ms,317.898000 us,44.738000 us,,70656
10240,1,441,32,441,14112,1,19.830380 ms,334.316000 us,44.966000 us,,70656
10240,1,451,32,451,14432,1,20.054470 ms,275.392000 us,44.466000 us,,70656
10240,1,461,32,461,14752,1,20.602120 ms,253.392000 us,44.689000 us,,70656
10240,1,471,32,471,15072,1,20.930550 ms,208.570000 us,44.438000 us,,70656
10240,1,481,32,481,15392,1,21.334900 ms,241.740000 us,44.354000 us,,70656
10240,1,491,32,491,15712,1,21.767050 ms,262.430000 us,44.331000 us,,70656
10240,1,501,32,501,16032,1,22.107410 ms,179.038000 us,44.126000 us,,70656
10240,1,511,32,511,16352,1,22.802500 ms,250.080000 us,44.622000 us,,70656
10240,1,521,32,521,16672,1,23.108320 ms,282.572000 us,44.353000 us,,70656
10240,1,531,32,531,16992,1,23.709940 ms,298.016000 us,44.651000 us,,70656
10240,1,541,32,541,17312,1,23.969920 ms,281.272000 us,44.306000 us,,70656
10240,1,551,32,551,17632,1,24.424590 ms,356.204000 us,44.327000 us,,70656
10240,1,561,32,561,17952,1,25.733180 ms,367.796000 us,45.869000 us,,70656
10240,1,571,32,571,18272,1,26.042220 ms,298.268000 us,45.607000 us,,70656
10240,1,581,32,581,18592,1,26.222770 ms,233.272000 us,45.133000 us,,70656
10240,1,591,32,591,18912,1,26.629660 ms,340.444000 us,45.058000 us,,70656
10240,1,601,32,601,19232,1,27.210180 ms,286.284000 us,45.274000 us,,70656
10240,1,611,32,611,19552,1,27.670100 ms,375.880000 us,45.286000 us,,70656
10240,1,621,32,621,19872,1,27.842130 ms,235.788000 us,44.833000 us,,70656
10240,1,631,32,631,20192,1,28.448880 ms,437.568000 us,45.084000 us,,70656
10240,1,641,32,641,20512,1,28.653380 ms,308.784000 us,44.700000 us,,70656
10240,1,651,32,651,20832,1,29.482370 ms,495.232000 us,45.287000 us,,70656
10240,1,661,32,661,21152,1,29.652240 ms,295.384000 us,44.859000 us,,70656
10240,1,671,32,671,21472,1,30.124400 ms,365.660000 us,44.894000 us,,70656
10240,1,681,32,681,21792,1,30.450960 ms,318.636000 us,44.714000 us,,70656
10240,1,691,32,691,22112,1,31.224080 ms,348.164000 us,45.186000 us,,70656
10240,1,701,32,701,22432,1,31.570660 ms,444.344000 us,45.036000 us,,70656
10240,1,711,32,711,22752,1,31.729250 ms,198.700000 us,44.625000 us,,70656
10240,1,721,32,721,23072,1,32.286580 ms,233.836000 us,44.779000 us,,70656
10240,1,731,32,731,23392,1,32.663780 ms,304.788000 us,44.683000 us,,70656
10240,1,741,32,741,23712,1,34.006150 ms,245.820000 us,45.891000 us,,70656
10240,1,751,32,751,24032,1,34.265180 ms,330.868000 us,45.625000 us,,70656
10240,1,761,32,761,24352,1,34.651140 ms,254.224000 us,45.533000 us,,70656
10240,1,771,32,771,24672,1,34.976120 ms,279.872000 us,45.364000 us,,70656
10240,1,781,32,781,24992,1,35.292880 ms,310.468000 us,45.188000 us,,70656
10240,1,791,32,791,25312,1,36.032470 ms,278.198000 us,45.552000 us,,70656
10240,1,801,32,801,25632,1,36.570070 ms,512.044000 us,45.654000 us,,70656
10240,1,811,32,811,25952,1,37.007510 ms,488.412000 us,45.631000 us,,70656
10240,1,821,32,821,26272,1,37.524270 ms,497.164000 us,45.705000 us,,70656
10240,1,831,32,831,26592,1,37.770950 ms,337.560000 us,45.451000 us,,70656
10240,1,841,32,841,26912,1,38.034640 ms,212.132000 us,45.224000 us,,70656
10240,1,851,32,851,27232,1,38.442900 ms,427.100000 us,45.173000 us,,70656
10240,1,861,32,861,27552,1,38.711470 ms,209.346000 us,44.960000 us,,70656
10240,1,871,32,871,27872,1,39.093420 ms,211.952000 us,44.882000 us,,70656
10240,1,881,32,881,28192,1,39.917750 ms,320.810000 us,45.309000 us,,70656
10240,1,891,32,891,28512,1,40.137740 ms,229.112000 us,45.047000 us,,70656
10240,1,901,32,901,28832,1,40.675610 ms,372.554000 us,45.144000 us,,70656
10240,1,911,32,911,29152,1,40.900680 ms,251.592000 us,44.896000 us,,70656
10240,1,921,32,921,29472,1,42.710180 ms,320.688000 us,46.373000 us,,70656
10240,1,931,32,931,29792,1,42.944490 ms,362.164000 us,46.126000 us,,70656
10240,1,941,32,941,30112,1,43.306770 ms,458.112000 us,46.021000 us,,70656
10240,1,951,32,951,30432,1,43.668970 ms,394.312000 us,45.918000 us,,70656
10240,1,961,32,961,30752,1,43.885050 ms,207.530000 us,45.665000 us,,70656
10240,1,971,32,971,31072,1,44.545310 ms,187.138000 us,45.875000 us,,70656
10240,1,981,32,981,31392,1,44.933800 ms,338.400000 us,45.803000 us,,70656
10240,1,991,32,991,31712,1,45.463430 ms,452.062000 us,45.875000 us,,70656
