M_Kibibytes,Lanes,Batch_Size,TE_Threads_Per_Block,TE_Blocks,TE_Total_Threads,Time_Cost,Mean_CT,Mean_Deviation_CT,Mean_HT,Mean_Deviation_HT,TE_Upper_Thread_Limit
4096,1,1,32,1,32,1,3.621460 ms,274.828000 us,3.621460 ms,274.828000 us,70656
4096,1,2,64,1,64,1,3.724780 ms,97.132000 us,1.862390 ms,48.566000 us,70656
4096,1,4,64,2,128,1,3.631210 ms,3.112000 us,907.802000 us,777 ns,70656
4096,1,8,64,4,256,1,3.666460 ms,64.808000 us,458.307000 us,8.100000 us,70656
4096,1,16,64,8,512,1,3.885820 ms,228.048000 us,242.863000 us,14.252000 us,70656
4096,1,32,64,16,1024,1,3.969350 ms,53.190000 us,124.041000 us,1.662000 us,70656
4096,1,64,64,32,2048,1,3.739690 ms,7.046000 us,58.432000 us,110 ns,70656
4096,1,128,64,64,4096,1,4.110550 ms,40.160000 us,32.113000 us,313 ns,70656
4096,1,256,64,128,8192,1,5.022310 ms,9.250000 us,19.617000 us,36 ns,70656
4096,1,512,64,256,16384,1,8.706800 ms,45.420000 us,17.004000 us,88 ns,70656
4096,1,1024,1024,32,32768,1,18.310700 ms,93.180000 us,17.881000 us,91 ns,70656
4096,1,2048,256,256,65536,1,38.189440 ms,107.584000 us,18.646000 us,52 ns,70656
4096,1,4096,256,512,131072,1,1.189803 s,41.063208 ms,290.478000 us,10.024000 us,70656
4096,1,8192,,,,1,,,,,70656
4096,1,16384,,,,1,,,,,70656
