M_Kibibytes,Lanes,Batch_Size,TE_Threads_Per_Block,TE_Blocks,TE_Total_Threads,Time_Cost,Mean_CT,Mean_Deviation_CT,Mean_HT,Mean_Deviation_HT,TE_Upper_Thread_Limit
2048,1,1,32,1,32,1,1.878960 ms,252.648000 us,1.878960 ms,252.648000 us,70656
2048,1,2,64,1,64,1,1.828710 ms,1.872000 us,914.355000 us,936 ns,70656
2048,1,4,64,2,128,1,1.828050 ms,1.710000 us,457.012000 us,427 ns,70656
2048,1,8,64,4,256,1,1.832320 ms,7.608000 us,229.039000 us,950 ns,70656
2048,1,16,64,8,512,1,1.834080 ms,5.940000 us,114.629000 us,371 ns,70656
2048,1,32,64,16,1024,1,1.879750 ms,1.990000 us,58.741000 us,62 ns,70656
2048,1,64,64,32,2048,1,2.024530 ms,39.890000 us,31.633000 us,623 ns,70656
2048,1,128,64,64,4096,1,2.175230 ms,9.610000 us,16.993000 us,75 ns,70656
2048,1,256,64,128,8192,1,2.611590 ms,12.828000 us,10.201000 us,50 ns,70656
2048,1,512,128,128,16384,1,4.288470 ms,172.306000 us,8.375000 us,336 ns,70656
2048,1,1024,256,128,32768,1,8.820250 ms,58.530000 us,8.613000 us,57 ns,70656
2048,1,2048,64,1024,65536,1,18.101800 ms,275.000000 us,8.838000 us,134 ns,70656
2048,1,4096,1024,128,131072,1,35.636750 ms,272.340000 us,8.699000 us,65 ns,70656
2048,1,8192,256,1024,262144,1,1.189143 s,25.524640 ms,145.158000 us,3.115000 us,70656
2048,1,16384,,,,1,,,,,70656
