M_Kibibytes,Lanes,Batch_Size,TE_Threads_Per_Block,TE_Blocks,TE_Total_Threads,Time_Cost,Mean_CT,Mean_Deviation_CT,Mean_HT,Mean_Deviation_HT,TE_Upper_Thread_Limit
1024,1,1,32,1,32,1,1.748340 ms,1.555132 ms,1.748340 ms,1.555132 ms,70656
1024,1,2,64,1,64,1,931.280000 us,2.728000 us,465.640000 us,1.364000 us,70656
1024,1,4,64,2,128,1,941.100000 us,3.440000 us,235.275000 us,860 ns,70656
1024,1,8,64,4,256,1,947.400000 us,16.180000 us,118.424000 us,2.022000 us,70656
1024,1,16,64,8,512,1,941.060000 us,8.152000 us,58.815000 us,509 ns,70656
1024,1,32,64,16,1024,1,935.860000 us,5.740000 us,29.245000 us,179 ns,70656
1024,1,64,64,32,2048,1,976.750000 us,31.120000 us,15.261000 us,486 ns,70656
1024,1,128,64,64,4096,1,1.156620 ms,56.596000 us,9.035000 us,442 ns,70656
1024,1,256,64,128,8192,1,1.327930 ms,57.936000 us,5.186000 us,226 ns,70656
1024,1,512,64,256,16384,1,1.941240 ms,14.740000 us,3.791000 us,28 ns,70656
1024,1,1024,256,128,32768,1,4.134970 ms,26.684000 us,4.037000 us,25 ns,70656
1024,1,2048,64,1024,65536,1,8.385960 ms,38.580000 us,4.094000 us,18 ns,70656
1024,1,4096,256,512,131072,1,16.638560 ms,71.392000 us,4.061000 us,17 ns,70656
1024,1,8192,512,512,262144,1,40.129380 ms,10.982308 ms,4.898000 us,1.340000 us,70656
1024,1,16384,64,8192,524288,1,1.156119 s,24.844670 ms,70.563000 us,1.516000 us,70656
