M_Kibibytes,Lanes,Batch_Size,TE_Threads_Per_Block,TE_Blocks,TE_Total_Threads,Time_Cost,Mean_CT,Mean_Deviation_CT,Mean_HT,Mean_Deviation_HT,TE_Upper_Thread_Limit
8192,1,1,32,1,32,1,7.094150 ms,263.650000 us,7.094150 ms,263.650000 us,70656
8192,1,2,64,1,64,1,7.311990 ms,126.224000 us,3.655995 ms,63.112000 us,70656
8192,1,4,64,2,128,1,6.602320 ms,152.084000 us,1.650580 ms,38.021000 us,70656
8192,1,8,64,4,256,1,6.846190 ms,202.826000 us,855.773000 us,25.352000 us,70656
8192,1,16,64,8,512,1,6.994150 ms,9.360000 us,437.133000 us,584 ns,70656
8192,1,32,64,16,1024,1,7.350520 ms,33.816000 us,229.703000 us,1.056000 us,70656
8192,1,64,64,32,2048,1,7.851000 ms,175.440000 us,122.671000 us,2.741000 us,70656
8192,1,128,64,64,4096,1,8.554100 ms,111.260000 us,66.828000 us,869 ns,70656
8192,1,256,64,128,8192,1,10.490490 ms,198.104000 us,40.978000 us,773 ns,70656
8192,1,512,128,128,16384,1,18.176740 ms,132.276000 us,35.500000 us,257 ns,70656
8192,1,1024,1024,32,32768,1,37.444490 ms,138.526000 us,36.566000 us,135 ns,70656
8192,1,2048,512,128,65536,1,1.160169 s,22.609832 ms,566.488000 us,11.039000 us,70656
8192,1,4096,,,,1,,,,,70656
8192,1,8192,,,,1,,,,,70656
8192,1,16384,,,,1,,,,,70656
