M_Kibibytes,Lanes,Batch_Size,TE_Threads_Per_Block,TE_Blocks,TE_Total_Threads,Time_Cost,Mean_CT,Mean_Deviation_CT,Mean_HT,Mean_Deviation_HT,TE_Upper_Thread_Limit
10240,1,1,32,1,32,1,8.854490 ms,295.122000 us,8.854490 ms,295.122000 us,70656
10240,1,11,32,11,352,1,9.444260 ms,453.852000 us,858.568000 us,41.259000 us,70656
10240,1,21,32,21,672,1,9.672800 ms,235.900000 us,460.609000 us,11.233000 us,70656
10240,1,31,32,31,992,1,10.154500 ms,501.380000 us,327.564000 us,16.173000 us,70656
10240,1,41,32,41,1312,1,8.887850 ms,193.670000 us,216.776000 us,4.723000 us,70656
10240,1,51,32,51,1632,1,9.130070 ms,193.626000 us,179.020000 us,3.796000 us,70656
10240,1,61,32,61,1952,1,9.444820 ms,342.832000 us,154.832000 us,5.620000 us,70656
10240,1,71,32,71,2272,1,9.443200 ms,315.220000 us,133.002000 us,4.439000 us,70656
10240,1,81,32,81,2592,1,9.479510 ms,290.534000 us,117.030000 us,3.586000 us,70656
10240,1,91,32,91,2912,1,9.574800 ms,260.560000 us,105.217000 us,2.863000 us,70656
10240,1,101,32,101,3232,1,9.738730 ms,244.688000 us,96.422000 us,2.422000 us,70656
10240,1,111,32,111,3552,1,9.821760 ms,318.764000 us,88.483000 us,2.871000 us,70656
10240,1,121,32,121,3872,1,9.796920 ms,273.896000 us,80.965000 us,2.263000 us,70656
10240,1,131,32,131,4192,1,9.922550 ms,281.480000 us,75.744000 us,2.148000 us,70656
10240,1,141,32,141,4512,1,10.043010 ms,277.036000 us,71.226000 us,1.964000 us,70656
10240,1,151,32,151,4832,1,10.061710 ms,186.398000 us,66.633000 us,1.234000 us,70656
10240,1,161,32,161,5152,1,10.285910 ms,314.154000 us,63.887000 us,1.951000 us,70656
10240,1,171,32,171,5472,1,10.274880 ms,184.224000 us,60.086000 us,1.077000 us,70656
10240,1,181,32,181,5792,1,10.516550 ms,328.770000 us,58.102000 us,1.816000 us,70656
10240,1,191,32,191,6112,1,11.174790 ms,221.702000 us,58.506000 us,1.160000 us,70656
10240,1,201,32,201,6432,1,11.276190 ms,195.282000 us,56.100000 us,,70656
10240,1,211,32,211,6752,1,11.502220 ms,263.592000 us,54.512000 us,1.248000 us,70656
10240,1,221,32,221,7072,1,11.675040 ms,274.744000 us,52.827000 us,1.242000 us,70656
10240,1,231,32,231,7392,1,11.871680 ms,238.784000 us,51.392000 us,1.033000 us,70656
10240,1,241,32,241,7712,1,12.056530 ms,220.908000 us,50.026000 us,,70656
10240,1,251,32,251,8032,1,12.220220 ms,192.396000 us,48.685000 us,,70656
10240,1,261,32,261,8352,1,12.494060 ms,232.076000 us,47.869000 us,,70656
10240,1,271,32,271,8672,1,12.746530 ms,264.042000 us,47.034000 us,,70656
10240,1,281,32,281,8992,1,13.048480 ms,286.752000 us,46.435000 us,1.020000 us,70656
10240,1,291,32,291,9312,1,13.159690 ms,200.302000 us,45.221000 us,,70656
10240,1,301,32,301,9632,1,13.386350 ms,185.450000 us,44.472000 us,,70656
10240,1,311,32,311,9952,1,13.801800 ms,325.240000 us,44.378000 us,1.045000 us,70656
10240,1,321,32,321,10272,1,13.998900 ms,239.420000 us,43.609000 us,,70656
10240,1,331,32,331,10592,1,14.583810 ms,388.394000 us,44.059000 us,1.173000 us,70656
10240,1,341,32,341,10912,1,15.026610 ms,423.214000 us,44.065000 us,1.240000 us,70656
10240,1,351,32,351,11232,1,15.255490 ms,180.742000 us,43.462000 us,,70656
10240,1,361,32,361,11552,1,15.697060 ms,198.016000 us,43.481000 us,,70656
10240,1,371,32,371,11872,1,16.797980 ms,310.928000 us,45.276000 us,,70656
10240,1,381,32,381,12192,1,17.174820 ms,242.372000 us,45.077000 us,,70656
10240,1,391,32,391,12512,1,17.506870 ms,223.272000 us,44.774000 us,,70656
10240,1,401,32,401,12832,1,17.973190 ms,278.304000 us,44.820000 us,,70656
10240,1,411,32,411,13152,1,18.347620 ms,282.028000 us,44.641000 us,,70656
10240,1,421,32,421,13472,1,18.801340 ms,231.024000 us,44.658000 us,,70656
10240,1,431,32,431,13792,1,19.215670 ms,208.152000 us,44.583000 us,,70656
10240,1,441,32,441,14112,1,19.853890 ms,303.390000 us,45.019000 us,,70656
10240,1,451,32,451,14432,1,20.054800 ms,275.260000 us,44.466000 us,,70656
10240,1,461,32,461,14752,1,20.696350 ms,315.570000 us,44.894000 us,,70656
10240,1,471,32,471,15072,1,20.902510 ms,187.956000 us,44.378000 us,,70656
10240,1,481,32,481,15392,1,21.280150 ms,194.330000 us,44.241000 us,,70656
10240,1,491,32,491,15712,1,21.890100 ms,430.440000 us,44.582000 us,,70656
10240,1,501,32,501,16032,1,22.106680 ms,202.684000 us,44.124000 us,,70656
10240,1,511,32,511,16352,1,22.807360 ms,257.656000 us,44.632000 us,,70656
10240,1,521,32,521,16672,1,23.039710 ms,185.156000 us,44.221000 us,,70656
10240,1,531,32,531,16992,1,23.627520 ms,343.872000 us,44.495000 us,,70656
10240,1,541,32,541,17312,1,23.992460 ms,335.416000 us,44.347000 us,,70656
10240,1,551,32,551,17632,1,24.309900 ms,272.700000 us,44.119000 us,,70656
10240,1,561,32,561,17952,1,25.501350 ms,379.550000 us,45.456000 us,,70656
10240,1,571,32,571,18272,1,25.718320 ms,266.632000 us,45.040000 us,,70656
10240,1,581,32,581,18592,1,26.195360 ms,305.228000 us,45.086000 us,,70656
10240,1,591,32,591,18912,1,26.620910 ms,401.136000 us,45.043000 us,,70656
10240,1,601,32,601,19232,1,27.263940 ms,362.784000 us,45.363000 us,,70656
10240,1,611,32,611,19552,1,27.550550 ms,257.950000 us,45.090000 us,,70656
10240,1,621,32,621,19872,1,27.915610 ms,372.116000 us,44.952000 us,,70656
10240,1,631,32,631,20192,1,28.474390 ms,493.466000 us,45.125000 us,,70656
10240,1,641,32,641,20512,1,28.708460 ms,411.916000 us,44.786000 us,,70656
10240,1,651,32,651,20832,1,29.304310 ms,320.556000 us,45.013000 us,,70656
10240,1,661,32,661,21152,1,29.818150 ms,560.200000 us,45.110000 us,,70656
10240,1,671,32,671,21472,1,30.126660 ms,379.796000 us,44.897000 us,,70656
10240,1,681,32,681,21792,1,30.551300 ms,397.480000 us,44.862000 us,,70656
10240,1,691,32,691,22112,1,31.249080 ms,406.848000 us,45.222000 us,,70656
10240,1,701,32,701,22432,1,31.498900 ms,429.660000 us,44.933000 us,,70656
10240,1,711,32,711,22752,1,32.086630 ms,610.496000 us,45.128000 us,,70656
10240,1,721,32,721,23072,1,32.511240 ms,497.948000 us,45.091000 us,,70656
10240,1,731,32,731,23392,1,32.733820 ms,325.804000 us,44.778000 us,,70656
10240,1,741,32,741,23712,1,33.961900 ms,238.980000 us,45.832000 us,,70656
10240,1,751,32,751,24032,1,34.744960 ms,649.432000 us,46.264000 us,,70656
10240,1,761,32,761,24352,1,34.768500 ms,392.120000 us,45.687000 us,,70656
10240,1,771,32,771,24672,1,34.976980 ms,218.668000 us,45.365000 us,,70656
10240,1,781,32,781,24992,1,35.371570 ms,329.498000 us,45.289000 us,,70656
10240,1,791,32,791,25312,1,37.207990 ms,651.224000 us,47.038000 us,,70656
10240,1,801,32,801,25632,1,36.228850 ms,232.290000 us,45.229000 us,,70656
10240,1,811,32,811,25952,1,36.746870 ms,267.398000 us,45.309000 us,,70656
10240,1,821,32,821,26272,1,37.179880 ms,436.208000 us,45.285000 us,,70656
10240,1,831,32,831,26592,1,37.840510 ms,399.174000 us,45.535000 us,,70656
10240,1,841,32,841,26912,1,38.109480 ms,341.388000 us,45.313000 us,,70656
10240,1,851,32,851,27232,1,38.510420 ms,426.364000 us,45.252000 us,,70656
10240,1,861,32,861,27552,1,39.010270 ms,512.692000 us,45.307000 us,,70656
10240,1,871,32,871,27872,1,39.139350 ms,195.850000 us,44.935000 us,,70656
10240,1,881,32,881,28192,1,39.929290 ms,320.884000 us,45.322000 us,,70656
10240,1,891,32,891,28512,1,40.152230 ms,184.794000 us,45.063000 us,,70656
10240,1,901,32,901,28832,1,40.640050 ms,258.600000 us,45.104000 us,,70656
10240,1,911,32,911,29152,1,41.144780 ms,489.352000 us,45.164000 us,,70656
10240,1,921,32,921,29472,1,42.864820 ms,567.532000 us,46.541000 us,,70656
10240,1,931,32,931,29792,1,42.953620 ms,322.192000 us,46.136000 us,,70656
10240,1,941,32,941,30112,1,43.196990 ms,187.024000 us,45.904000 us,,70656
10240,1,951,32,951,30432,1,44.599560 ms,919.864000 us,46.897000 us,,70656
10240,1,961,32,961,30752,1,45.278970 ms,1.370052 ms,47.116000 us,1.425000 us,70656
10240,1,971,32,971,31072,1,45.904560 ms,1.098604 ms,47.275000 us,1.131000 us,70656
10240,1,981,32,981,31392,1,46.001610 ms,851.852000 us,46.891000 us,,70656
10240,1,991,32,991,31712,1,46.106830 ms,454.028000 us,46.525000 us,,70656
10240,1,1001,32,1001,32032,1,46.546940 ms,703.568000 us,46.500000 us,,70656
10240,1,1011,32,1011,32352,1,46.798470 ms,765.604000 us,46.288000 us,,70656
10240,1,1021,32,1021,32672,1,47.568400 ms,918.640000 us,46.589000 us,,70656
10240,1,1031,32,1031,32992,1,47.491550 ms,468.730000 us,46.063000 us,,70656
10240,1,1041,32,1041,33312,1,61.796610 ms,4.926172 ms,59.362000 us,4.732000 us,70656
10240,1,1051,32,1051,33632,1,48.733480 ms,798.664000 us,46.368000 us,,70656
10240,1,1061,32,1061,33952,1,52.901430 ms,3.032936 ms,49.859000 us,2.858000 us,70656
10240,1,1071,32,1071,34272,1,51.729920 ms,2.130296 ms,48.300000 us,1.989000 us,70656
10240,1,1081,32,1081,34592,1,54.804110 ms,5.536772 ms,50.697000 us,5.121000 us,70656
10240,1,1091,32,1091,34912,1,51.813920 ms,3.113444 ms,47.491000 us,2.853000 us,70656
10240,1,1101,32,1101,35232,1,60.784680 ms,9.724432 ms,55.208000 us,8.832000 us,70656
10240,1,1111,32,1111,35552,1,55.061060 ms,2.952856 ms,49.559000 us,2.657000 us,70656
10240,1,1121,32,1121,35872,1,59.009140 ms,6.404848 ms,52.639000 us,5.713000 us,70656
10240,1,1131,32,1131,36192,1,58.103610 ms,5.294432 ms,51.373000 us,4.681000 us,70656
10240,1,1141,32,1141,36512,1,63.910400 ms,13.187900 ms,56.012000 us,11.558000 us,70656
10240,1,1151,32,1151,36832,1,87.546020 ms,1.226988 ms,76.060000 us,1.066000 us,70656
10240,1,1161,32,1161,37152,1,113.092520 ms,2.433748 ms,97.409000 us,2.096000 us,70656
10240,1,1171,32,1171,37472,1,135.742870 ms,1.480170 ms,115.919000 us,1.264000 us,70656
10240,1,1181,32,1181,37792,1,156.546090 ms,3.036508 ms,132.553000 us,2.570000 us,70656
10240,1,1191,32,1191,38112,1,173.709170 ms,1.445604 ms,145.850000 us,1.213000 us,70656
10240,1,1201,32,1201,38432,1,193.632330 ms,2.966156 ms,161.225000 us,2.469000 us,70656
10240,1,1211,32,1211,38752,1,209.535370 ms,1.860178 ms,173.026000 us,1.535000 us,70656
10240,1,1221,32,1221,39072,1,232.394570 ms,4.007450 ms,190.330000 us,3.282000 us,70656
10240,1,1231,32,1231,39392,1,255.629370 ms,5.502590 ms,207.659000 us,4.470000 us,70656
10240,1,1241,32,1241,39712,1,270.390470 ms,1.744548 ms,217.880000 us,1.406000 us,70656
10240,1,1251,32,1251,40032,1,302.775700 ms,12.590780 ms,242.026000 us,10.064000 us,70656
10240,1,1261,32,1261,40352,1,322.722970 ms,7.498344 ms,255.925000 us,5.946000 us,70656
10240,1,1271,32,1271,40672,1,335.919930 ms,4.280430 ms,264.295000 us,3.367000 us,70656
10240,1,1281,32,1281,40992,1,366.581930 ms,13.006076 ms,286.168000 us,10.153000 us,70656
10240,1,1291,32,1291,41312,1,380.747260 ms,5.066932 ms,294.923000 us,3.924000 us,70656
10240,1,1301,32,1301,41632,1,397.268680 ms,5.270892 ms,305.355000 us,4.051000 us,70656
10240,1,1311,32,1311,41952,1,421.181390 ms,4.740226 ms,321.266000 us,3.615000 us,70656
10240,1,1321,32,1321,42272,1,444.381840 ms,10.828308 ms,336.397000 us,8.197000 us,70656
10240,1,1331,32,1331,42592,1,459.678020 ms,10.478588 ms,345.362000 us,7.872000 us,70656
10240,1,1341,32,1341,42912,1,464.875790 ms,3.702768 ms,346.663000 us,2.761000 us,70656
10240,1,1351,32,1351,43232,1,491.694740 ms,6.123908 ms,363.948000 us,4.532000 us,70656
10240,1,1361,32,1361,43552,1,505.046790 ms,8.848384 ms,371.084000 us,6.501000 us,70656
10240,1,1371,32,1371,43872,1,528.417050 ms,4.002700 ms,385.423000 us,2.919000 us,70656
10240,1,1381,32,1381,44192,1,549.812660 ms,2.927592 ms,398.126000 us,2.120000 us,70656
10240,1,1391,32,1391,44512,1,561.017310 ms,2.623830 ms,403.318000 us,1.886000 us,70656
10240,1,1401,32,1401,44832,1,587.316050 ms,5.968020 ms,419.211000 us,4.259000 us,70656
10240,1,1411,32,1411,45152,1,607.906980 ms,8.666916 ms,430.833000 us,6.142000 us,70656
10240,1,1421,32,1421,45472,1,628.585040 ms,10.558692 ms,442.353000 us,7.430000 us,70656
10240,1,1431,32,1431,45792,1,645.732360 ms,3.532752 ms,451.245000 us,2.468000 us,70656
10240,1,1441,32,1441,46112,1,691.606920 ms,24.397048 ms,479.948000 us,16.930000 us,70656
10240,1,1451,32,1451,46432,1,702.585020 ms,10.612192 ms,484.206000 us,7.313000 us,70656
10240,1,1461,32,1461,46752,1,737.445120 ms,21.921724 ms,504.753000 us,15.004000 us,70656
10240,1,1471,32,1471,47072,1,724.456620 ms,8.719140 ms,492.492000 us,5.927000 us,70656
10240,1,1481,32,1481,47392,1,743.635950 ms,11.076150 ms,502.117000 us,7.478000 us,70656
10240,1,1491,32,1491,47712,1,778.334070 ms,22.090612 ms,522.020000 us,14.815000 us,70656
10240,1,1501,32,1501,48032,1,783.241800 ms,9.019600 ms,521.812000 us,6.008000 us,70656
10240,1,1511,32,1511,48352,1,792.225600 ms,3.098520 ms,524.304000 us,2.050000 us,70656
10240,1,1521,32,1521,48672,1,830.025570 ms,25.109058 ms,545.710000 us,16.508000 us,70656
10240,1,1531,32,1531,48992,1,902.044930 ms,37.891136 ms,589.186000 us,24.749000 us,70656
10240,1,1541,32,1541,49312,1,907.747930 ms,20.793176 ms,589.063000 us,13.493000 us,70656
10240,1,1551,32,1551,49632,1,955.080480 ms,49.215216 ms,615.783000 us,31.731000 us,70656
10240,1,1561,32,1561,49952,1,960.549580 ms,35.681276 ms,615.341000 us,22.857000 us,70656
10240,1,1571,32,1571,50272,1,963.951920 ms,26.786884 ms,613.590000 us,17.050000 us,70656
10240,1,1581,32,1581,50592,1,982.320370 ms,44.886918 ms,621.328000 us,28.391000 us,70656
10240,1,1591,32,1591,50912,1,1.011816 s,24.132410 ms,635.961000 us,15.168000 us,70656
10240,1,1601,32,1601,51232,1,1.035015 s,40.143968 ms,646.479000 us,25.074000 us,70656
10240,1,1611,32,1611,51552,1,1.015116 s,11.518304 ms,630.114000 us,7.149000 us,70656
10240,1,1621,32,1621,51872,1,1.041851 s,14.832640 ms,642.720000 us,9.150000 us,70656
10240,1,1631,32,1631,52192,1,1.180585 s,81.511920 ms,723.840000 us,49.976000 us,70656
10240,1,1641,32,1641,52512,1,1.072867 s,11.391960 ms,653.787000 us,6.941000 us,70656
10240,1,1651,32,1651,52832,1,1.112292 s,21.342800 ms,673.707000 us,12.927000 us,70656
10240,1,1661,32,1661,53152,1,1.122879 s,15.298936 ms,676.025000 us,9.210000 us,70656
10240,1,1671,32,1671,53472,1,1.142364 s,13.982592 ms,683.640000 us,8.367000 us,70656
10240,1,1681,32,1681,53792,1,1.142370 s,6.144464 ms,679.577000 us,3.655000 us,70656
10240,1,1691,32,1691,54112,1,1.157733 s,6.039126 ms,684.643000 us,3.571000 us,70656
10240,1,1701,32,1701,54432,1,1.227244 s,62.475594 ms,721.483000 us,36.728000 us,70656
10240,1,1711,32,1711,54752,1,1.257274 s,44.095016 ms,734.817000 us,25.771000 us,70656
10240,1,1721,32,1721,55072,1,1.237966 s,17.771556 ms,719.329000 us,10.326000 us,70656
10240,1,1731,32,1731,55392,1,1.279590 s,43.490012 ms,739.219000 us,25.124000 us,70656
10240,1,1741,32,1741,55712,1,1.307459 s,39.219244 ms,750.981000 us,22.526000 us,70656
10240,1,1751,32,1751,56032,1,1.314037 s,55.664812 ms,750.449000 us,31.790000 us,70656
10240,1,1761,32,1761,56352,1,1.385158 s,75.821520 ms,786.574000 us,43.055000 us,70656
10240,1,1771,32,1771,56672,1,1.340249 s,43.265928 ms,756.774000 us,24.429000 us,70656
10240,1,1781,32,1781,56992,1,1.403909 s,78.410552 ms,788.269000 us,44.025000 us,70656
10240,1,1791,32,1791,57312,1,1.452201 s,40.482492 ms,810.831000 us,22.603000 us,70656
10240,1,1801,32,1801,57632,1,1.510092 s,77.779932 ms,838.473000 us,43.186000 us,70656
10240,1,1811,32,1811,57952,1,1.524994 s,68.656112 ms,842.072000 us,37.910000 us,70656
10240,1,1821,32,1821,58272,1,1.486328 s,36.965952 ms,816.214000 us,20.299000 us,70656
10240,1,1831,32,1831,58592,1,1.547789 s,68.060324 ms,845.324000 us,37.171000 us,70656
10240,1,1841,32,1841,58912,1,1.512440 s,23.541060 ms,821.531000 us,12.787000 us,70656
10240,1,1851,32,1851,59232,1,1.502375 s,12.061620 ms,811.655000 us,6.516000 us,70656
10240,1,1861,32,1861,59552,1,1.519605 s,23.279048 ms,816.552000 us,12.508000 us,70656
10240,1,1871,32,1871,59872,1,1.581338 s,44.479590 ms,845.182000 us,23.773000 us,70656
10240,1,1881,32,1881,60192,1,1.736185 s,76.854780 ms,923.011000 us,40.858000 us,70656
10240,1,1891,32,1891,60512,1,1.555806 s,27.647254 ms,822.742000 us,14.620000 us,70656
10240,1,1901,32,1901,60832,1,1.562646 s,24.537740 ms,822.011000 us,12.907000 us,70656
10240,1,1911,,,,1,,,,,70656

